39.043172595018
46.2445568889055
19.79387267512
24.6846820545111
25.0840587279266
22.6039435563255
25.9861975178091
23.434416768712
23.1356346033587
23.7887768242961
22.0727334005425
18.4425191541398
20.4495619832458
25.5036630012744
38.7490436138728
33.6889362162921
33.0545839253536
30.58656693011
25.5358367212767
31.1483002053416
34.3384614657894
34.5872507738721
30.9248563230201
27.9418061120348
25.7100161819841
23.5839328880834
12.8547573361278
14.2724747252216
15.5078678786413
18.6392633357627
23.4436850828471
29.11782217052
25.3195942793437
21.7838769961664
22.5307252452381
26.1947759790559
29.7604483251847
30.9063113798645
22.5783540098039
28.1501164983628
42.0697183238118
36.6893047524956
35.5045331051175
38.2488291071572
40.0532264952068
47.205193239313
48.810688221487
47.0681635490012
47.9733451352038
35.3716506431356
38.4445478458848
38.7869538761133
36.8905475681754
33.2098977866243
30.2191174257954
23.1717782907161
20.8600106281793
22.6388868549416